445543
680250
867468
107422
101915
930449
529549
108222
156536
130922
687163
103818
385046
125222
495255
158136
196952
213522
382242
187850
773257
959574
110613
177140
128127
111312
815247
192136
952863
767464
231928
192540
121416
130114
178950
996782
119732
109325
139637
178243
176845
111413
567961
156233
178142
308129
529953
993675
108323
922854
594156
657659
917558
113316
111716
193845
555348
180230
634748
194746
355239
196144
188145
141119
885975
213017
131924
198350
969476
419239
151627
102311
872764
118124
127832
715647
146129
214019
123521
857263
163432
128935
172534
827052
180735
991267
167036
164030
106824
513130
165840
169040
973770
519950
120414
154330
899885
275645
112920
707749
656657
150928
771354
191942
395251
192843
133928
878877
105115
105620
107018
107220
115219
117930
118023
118225
128026
134829
135124
137229
139839
143325
145632
148335
148840
149236
149842
152831
155231
157942
159946
160830
161327
167440
170934
180129
185341
185442
186848
197550
198855
200513
200917
201111
202820
204016
211316
238033
239136
255740
257946
274542
290136
310621
341834
348545
361941
371843
377451
386250
424939
449753
481951
510225
523032
524135
617748
627852
680957
685058
692964
694362
720337
723141
729557
837964
845458
884064
886674
901038
947668
971160
978578
100206
100307
101107
106521
107321
110411
114318
115320
116524
117021
119025
122822
123824
126325
139435
140925
143224
145834
146937
147636
147737
150726
151526
154936
156435
156637
157336
159138
160729
162935
163836
165638
166640
168947
169343
169444
171532
172938
175035
175439
176744
178748
180432
186444
191235
192641
193239
198047
199150
203418
207123
209329
209834
211619
211720
217429
228434
250427
255639
280739
280941
283543
297655
298051
303624
322224
330324
346137
351938
378756
389357
395958
401422
465852
481042
492754
552544
553344
562345
579665
580044
580347
585256
586460
599469
620434
656253
665254
671855
688569
695768
727553
729254
731140
749058
749361
751348
769064
825048
833148
869472
882161
887373
901442
910241
926862
942658
972566
